398
[4, 89, 62, 80, 2, 1845, 15.3, 30]
[8, 351, 153, 71, 1, 4154, 13.5, 10]
|.. 201
[4, 72, 69, 71, 3, 1613, 18, 40]
[4, 105, 63, 82, 1, 2125, 14.7, 40]
|.. |.. 119
[4, 79, 67, 74, 2, 2000, 16, 30]
[6, 168, 132, 80, 3, 2910, 11.4, 30]
|.. |.. |.. 41
[4, 97, 46, 70, 2, 1835, 20.5, 30]
[4, 115, 95, 75, 2, 2694, 15, 20]
|.. |.. |.. 78
[4, 97, 88, 70, 3, 2130, 14.5, 30]
[6, 168, 132, 80, 3, 2910, 11.4, 30]
|.. |.. |.. |.. 50
[4, 91, 67, 82, 3, 1965, 15.7, 30]
[6, 146, 97, 77, 3, 2815, 14.5, 20]
|.. |.. |.. |.. |.. 45
[4, 97, 67, 77, 3, 1985, 16.4, 30]
[4, 107, 75, 82, 3, 2205, 14.5, 40]
|.. |.. |.. |.. |.. |.. 31
[4, 91, 67, 82, 3, 1965, 15.7, 30]
[3, 70, 100, 80, 3, 2420, 12.5, 20]
|.. |.. 82
[4, 140, 86, 82, 1, 2790, 15.6, 30]
[6, 163, 133, 78, 2, 3410, 15.8, 20]
|.. |.. |.. 53
[4, 98, 79, 76, 1, 2255, 17.7, 30]
[4, 140, 92, 82, 1, 2865, 16.4, 20]
|.. |.. |.. |.. 35
[4, 151, 90, 79, 1, 2556, 13.2, 30]
[4, 135, 84, 82, 1, 2370, 13, 40]
|.. 197
[6, 232, 90, 78, 1, 3210, 17.2, 20]
[8, 400, 175, 71, 1, 5140, 12, 10]
|.. |.. 112
[6, 156, 122, 73, 3, 2807, 13.5, 20]
[6, 225, 105, 74, 1, 3613, 16.5, 20]
|.. |.. |.. 111
[4, 98, '?', 71, 1, 2046, 19, 30]
[6, 232, 112, 82, 1, 2835, 14.7, 20]
|.. |.. |.. |.. 37
[4, 91, 70, 71, 1, 1955, 20.5, 30]
[6, 250, 100, 74, 1, 3336, 17, 20]
|.. |.. |.. |.. 74
[8, 360, 150, 79, 1, 3940, 13, 20]
[6, 232, 90, 79, 1, 3265, 18.2, 20]
|.. |.. |.. |.. |.. 47
[6, 258, 95, 76, 1, 3193, 17.8, 20]
[6, 232, 112, 82, 1, 2835, 14.7, 20]
|.. |.. |.. |.. |.. |.. 33
[6, 200, 85, 78, 1, 3070, 16.7, 20]
[6, 250, 72, 75, 1, 3158, 19.5, 20]
|.. |.. 85
[6, 250, 100, 71, 1, 3329, 15.5, 20]
[8, 400, 190, 77, 1, 4325, 12.2, 20]
|.. |.. |.. 31
[6, 199, 90, 70, 1, 2648, 15, 20]
[8, 400, 150, 70, 1, 3761, 9.5, 20]
|.. |.. |.. 54
[8, 455, 225, 70, 1, 3086, 10, 10]
[8, 302, 140, 74, 1, 4638, 16, 10]
|.. |.. |.. |.. 39
[8, 400, 180, 77, 1, 4220, 11.1, 20]
[8, 350, 160, 72, 1, 4456, 13.5, 10]

0.57	398
0.4	|.. 201
0.52	|.. |.. 119
0.5	|.. |.. |.. 41
0.61	|.. |.. |.. 78
0.54	|.. |.. |.. |.. 50
0.5	|.. |.. |.. |.. |.. 45
0.54	|.. |.. |.. |.. |.. |.. 31
0.55	|.. |.. 82
0.5	|.. |.. |.. 53
0.69	|.. |.. |.. |.. 35
0.75	|.. 197
0.75	|.. |.. 112
0.5	|.. |.. |.. 111
0.5	|.. |.. |.. |.. 37
0.75	|.. |.. |.. |.. 74
0.75	|.. |.. |.. |.. |.. 47
0.75	|.. |.. |.. |.. |.. |.. 33
0.75	|.. |.. 85
0.75	|.. |.. |.. 31
1.0	|.. |.. |.. 54
0.82	|.. |.. |.. |.. 39
